.Random.seed <-
c(403L, 372L, 989428424L, -1297757263L, 1663431492L, 854080209L, 
1939428574L, 1696892704L, -250894132L, 1414033731L, -456107308L, 
-157238812L, 1219336796L, -2135599939L, -1510932069L, 2053747441L, 
249274996L, -1430071943L, -1715370979L, -1500792790L, -320036676L, 
-1700226690L, 1737666223L, -3449923L, -754846910L, 789663436L, 
-1448044370L, 764655015L, 448274200L, 757741717L, -1250320030L, 
127855681L, 256406447L, -1910894485L, -1996200793L, -1902588412L, 
-74487940L, -1275367861L, -1694146800L, -1244590777L, -590513014L, 
-77812007L, 1574406887L, 904834251L, 1963258205L, -1155889404L, 
862228303L, -342831023L, 643438763L, 2092841015L, -1483297823L, 
-1053271543L, -1766459456L, -1686776432L, 193470219L, -1448685259L, 
-1360400242L, -1345663395L, -9002039L, -1046805156L, 701258509L, 
151848307L, -1363330002L, 1256179213L, -1995829926L, 1712066330L, 
-1382276189L, -513515681L, -74703603L, -867025104L, 270493967L, 
-465527454L, -2146959700L, -509607659L, -1690410454L, 1869584153L, 
-1538379857L, -244435564L, 1213508309L, -75199910L, 131082447L, 
-2082190186L, 1167638170L, -1566836804L, -136269599L, -714192270L, 
-1015366359L, 480598283L, -128130288L, 2057955685L, -1260162768L, 
1062514592L, -636838563L, 555960956L, -1260042065L, 1664828904L, 
-2080662400L, 225459937L, 458097649L, 889535310L, 155623313L, 
2109171843L, -1723149002L, -1641188992L, -531351480L, 1341406169L, 
1345235513L, 314891706L, 653662066L, 1959187584L, -321193342L, 
-468615131L, -1797048067L, -905403938L, -536168810L, -1470263906L, 
-669246571L, 1865341197L, -2016293067L, 1719265840L, -284827442L, 
1983202087L, -14196411L, -1045358382L, -1047097851L, -579855409L, 
-786644337L, 940379865L, -411243580L, -880693637L, -907000401L, 
1824581708L, -303111077L, -83092538L, 1210294108L, 121374376L, 
-1365188522L, 1625766968L, 1366685808L, -463403921L, 615184590L, 
-699891698L, 1031428648L, 65087701L, 1624988440L, -681163523L, 
1204391373L, 1203300658L, -722766618L, -2132783146L, -1505662409L, 
-1547183797L, 55405425L, 1266827458L, 894410071L, -1041364906L, 
1211611246L, -246449086L, 625132597L, 1060779831L, -541414173L, 
571415552L, -816090943L, -1499138600L, -1307073957L, 2041395083L, 
-892249065L, 1425356019L, -566037489L, 907419682L, -1723797202L, 
-1907196175L, -661890888L, -2084703782L, 1016440873L, 1149993841L, 
-291813182L, 1212681085L, -563829313L, 1768769621L, -378437835L, 
176667381L, -537583051L, 2023003939L, -1419216080L, 1874204047L, 
-1418414056L, 117447760L, 1770226372L, -1337644694L, 1229038240L, 
146784131L, -276496595L, 583742203L, 1730260894L, -1619512798L, 
1842703184L, 80278137L, -698428088L, 1478350865L, 664374954L, 
-384672189L, -615963765L, -1341057733L, 1942866236L, 101929719L, 
1299637122L, -1470620347L, -1975170356L, 1067444702L, -148325898L, 
-1219695341L, 1397366279L, -261827216L, -1322805554L, -1153911846L, 
-1900688250L, 122169073L, -932200890L, -1544292401L, 1824571297L, 
-2099369854L, 1194508324L, -471248541L, -957602202L, 1821560109L, 
494570062L, -2104414558L, 1396775135L, 700584156L, 1045887704L, 
3582353L, 1919698402L, -1138632594L, 229112822L, -45102055L, 
607510565L, -1162908702L, 1521688370L, 1370411310L, -923719468L, 
1389096999L, 1365349586L, 652250174L, 30992021L, 51364613L, 481385823L, 
-2118526214L, -1688679427L, -187273669L, 949277682L, 619352338L, 
-300818726L, -741795289L, 14346112L, 597857279L, 465365498L, 
42603151L, 1317927614L, -832961024L, -1545497186L, 1614112414L, 
-1938115046L, -1771624879L, 627312038L, -868291313L, 1110526319L, 
2004393265L, 1654330762L, 782594366L, -1983328424L, 1027777520L, 
490575075L, 2093856337L, -33155162L, -1511052628L, -830060906L, 
-1045083018L, 497831849L, 918164401L, -1925214680L, 1790537278L, 
-1248440240L, 1645461259L, -408626166L, -690797473L, 1240423561L, 
-1930447254L, 951551412L, 1402658594L, -1207162399L, -1171631728L, 
1142530025L, 1389367300L, -1027885078L, 1530049026L, -381060212L, 
875456732L, -1507895749L, 461241566L, -889453702L, 1948876536L, 
-1848497135L, 1527068436L, -1330037017L, -249363371L, 823937110L, 
926153229L, -1455893648L, -2029334333L, 1072949417L, 923843568L, 
-94878989L, -395758784L, -1194396707L, 1794544210L, -1632507740L, 
462713177L, 1042917356L, 1982806050L, -279474862L, 900287639L, 
-1941008511L, -1764233565L, -1931462222L, 1308016560L, 1023064767L, 
-506577298L, 53157715L, -1258330464L, -539127612L, -279617708L, 
-332448011L, -1231201384L, 2085729241L, 475737244L, 1973925992L, 
-491136899L, 1444828692L, 851120772L, -723927855L, 217728663L, 
705078542L, -1379354628L, 260042048L, 1564142520L, 1860017902L, 
-218954147L, 1059744662L, 277446780L, -773366800L, -570508012L, 
1658562193L, 182910762L, -618338657L, -2102796524L, -381174128L, 
88741842L, 1125462011L, -530146447L, 2095139503L, -1359685550L, 
-127023014L, 870536815L, -1916764644L, -646835956L, 78718831L, 
-187718107L, -731429143L, 270612825L, 1014084703L, -1203160503L, 
1233869668L, -1496719114L, 1088830753L, 18017964L, -866080071L, 
1411603479L, 515740899L, -266653343L, 684167984L, 1227183968L, 
447902739L, 1977482541L, 257878402L, 653828573L, 153019668L, 
-851419978L, 347438919L, -1274603823L, -1218992112L, 264975593L, 
1114894392L, -2001265067L, 86370056L, 1466933183L, 993423275L, 
-230660385L, -235791652L, 887066856L, -2042843423L, -1258342598L, 
-977624771L, -2052749104L, 1182170321L, -1857654786L, 2133285090L, 
234488566L, -1813112031L, -2089550315L, 656044338L, 1045448192L, 
-1468966883L, 1876351010L, -1101896306L, -1906228789L, 2020961719L, 
-1134084911L, -1218907769L, 1252340548L, 580913537L, -1667965986L, 
-297755950L, 1755172345L, 1768934578L, -1413759982L, 418675448L, 
311111562L, -1545480909L, 1006064768L, -557963274L, -2138932484L, 
-2142716849L, -958735930L, 1593228742L, -1098851643L, -1796711021L, 
-988746495L, 1947204718L, -55584942L, -904209932L, -907216604L, 
-180264851L, 1925124450L, -1810680440L, 675943758L, -1331882342L, 
-1316077004L, 946311359L, -1642681210L, 1405325653L, -1120765156L, 
1419052213L, -198165092L, 2087492166L, -2129297080L, -672913235L, 
139564220L, 673771972L, -959747765L, -1040465897L, 1973253192L, 
-1508164337L, -428500625L, -1327961034L, 1157717646L, 1614478001L, 
-786937308L, 1236602763L, 1072138434L, 1405100067L, -257834079L, 
-337336777L, 2037497518L, -2147267513L, 1450339790L, -1853307597L, 
-1792933780L, 1187392799L, 409747543L, -498536336L, 1061356571L, 
-1173411791L, 1817006100L, 727240535L, -2135674940L, -315309688L, 
1374585912L, 1172036289L, -302693266L, -48252425L, -1298754495L, 
-670895277L, -113112432L, -374366193L, -174193616L, 932610137L, 
-2057888384L, 301760642L, -2082141093L, -773352979L, 1606692423L, 
-1744366708L, -1183086045L, 1926781214L, 140356824L, 165494359L, 
-1424827151L, -818560920L, -1817591957L, 824638178L, 1400552237L, 
834065141L, 1467888373L, 153786226L, 1736936564L, -1544078113L, 
-923452621L, -451398548L, 186674699L, -776878519L, -662375412L, 
426063837L, 967777931L, -204446373L, -999580769L, 971780682L, 
-1642309431L, -56074073L, -121918696L, 773573204L, 1822680703L, 
192440582L, 1824745707L, -1333057288L, -696552736L, -1320328438L, 
748049443L, 1942692958L, 159131328L, 408370852L, 1017846899L, 
-1863222695L, -360408308L, -389557519L, 925974052L, -1933570887L, 
-1008552712L, 876038404L, -733625621L, 969338156L, 808457935L, 
1142095782L, -2100203682L, -1705730111L, 2043089246L, -751414379L, 
1533160950L, -1693358135L, -191014674L, 76528973L, 2032924598L, 
-710965751L, -122637388L, 566085747L, 1656204352L, 335974508L, 
-367264503L, -612639498L, -144792529L, 2004936755L, -666591006L, 
-1757598146L, -1757949798L, 632415426L, -752053265L, 1447241073L, 
219988107L, -900836209L, -1908353879L, -925301241L, 1902899657L, 
-22027726L, -1241223001L, 2107702953L, 1894493928L, 895956179L, 
-1801684123L, -442068148L, 58871835L, -182573136L, -1566434728L, 
-54685658L, 1038485198L, 959302526L, 2070115269L, -963049844L, 
